 GROUNDS"	1
001	12448
002	11308
003	14288
004	17531
005	12539
006	17277
007	16706
008	18628
009	13813
010	12686
011	20798
0111	3
012	13006
0121	3
0122	4
0131	1
0133	2
014	9549
015	13141
016	9892
017	7940
018	11969
019	12526
020	4529
022	9267
024	7589
025	16395
031	1
0314	1
0331	1
0332	7
0412	1
0413	8
0622	2
0712	2
0813	3
0814	12
0815	1
0821	1
0823	1
0825	1
0832	5
0911	1
0922	1
0924	3
0925	2
1034	1
1113	1
1223	3
1225	1
1235	2
1413	1
1432	1
1531	1
1612	1
1624	1
1651	5
1654	46
1722	5
1731	1
1821	1
1822	2
1834	3
1933	1
2431	1
2521	1
2524	3
2533	7
2534	2
false	7115
true	168
